1 1 -0.083769 0.040073 0.0
1 2 -0.079317 0.040073 0.0
1 3 -0.074864 0.040073 0.0
1 4 -0.070412 0.040073 0.0
1 5 -0.065959 0.040073 0.0
1 6 -0.061507 0.040073 0.0
1 7 -0.057054 0.040073 0.0
1 8 -0.052602 0.040073 0.0
1 9 -0.048149 0.040073 0.0
1 10 -0.043697 0.040073 0.0
2 1 -0.043697 0.040073 0.0
2 2 -0.042038 0.038912 0.0
2 3 -0.040380 0.037750 0.0
2 4 -0.038722 0.036589 0.0
2 5 -0.037064 0.035428 0.0
2 6 -0.035405 0.034267 0.0
2 7 -0.033747 0.033106 0.0
2 8 -0.032089 0.031945 0.0
2 9 -0.030430 0.030784 0.0
2 10 -0.028772 0.029622 0.0
2 11 -0.027114 0.028461 0.0
2 12 -0.025456 0.027300 0.0
2 13 -0.023797 0.026139 0.0
2 14 -0.022139 0.024978 0.0
2 15 -0.020481 0.023817 0.0
2 16 -0.018823 0.022656 0.0
2 17 -0.017164 0.021495 0.0
2 18 -0.015506 0.020333 0.0
2 19 -0.013848 0.019172 0.0
2 20 -0.012190 0.018011 0.0
2 21 -0.011915 0.017822 0.0
2 22 -0.011638 0.017638 0.0
2 23 -0.011358 0.017458 0.0
2 24 -0.011076 0.017282 0.0
2 25 -0.010790 0.017111 0.0
2 26 -0.010502 0.016944 0.0
2 27 -0.010211 0.016782 0.0
2 28 -0.009918 0.016624 0.0
2 29 -0.009623 0.016471 0.0
2 30 -0.009325 0.016323 0.0
2 31 -0.009024 0.016179 0.0
2 32 -0.008722 0.016040 0.0
2 33 -0.008417 0.015906 0.0
2 34 -0.008111 0.015776 0.0
2 35 -0.007802 0.015652 0.0
2 36 -0.007491 0.015532 0.0
2 37 -0.007179 0.015417 0.0
2 38 -0.006865 0.015307 0.0
2 39 -0.006549 0.015202 0.0
2 40 -0.006232 0.015102 0.0
2 41 -0.005913 0.015007 0.0
2 42 -0.005592 0.014917 0.0
2 43 -0.005270 0.014832 0.0
2 44 -0.004947 0.014752 0.0
2 45 -0.004623 0.014677 0.0
2 46 -0.004297 0.014607 0.0
2 47 -0.003971 0.014542 0.0
2 48 -0.003643 0.014482 0.0
2 49 -0.003315 0.014428 0.0
2 50 -0.002986 0.014379 0.0
2 51 -0.002656 0.014334 0.0
2 52 -0.002325 0.014295 0.0
2 53 -0.001994 0.014262 0.0
2 54 -0.001663 0.014233 0.0
2 55 -0.001331 0.014210 0.0
2 56 -0.000998 0.014191 0.0
2 57 -0.000666 0.014178 0.0
2 58 -0.000333 0.014170 0.0
2 59 -0.000000 0.014168 0.0
2 60 0.000056 0.014168 0.0
2 61 0.000111 0.014169 0.0
2 62 0.000167 0.014170 0.0
2 63 0.000222 0.014172 0.0
2 64 0.000278 0.014175 0.0
2 65 0.000333 0.014178 0.0
2 66 0.000389 0.014182 0.0
2 67 0.000444 0.014186 0.0
2 68 0.000500 0.014191 0.0
2 69 0.000555 0.014196 0.0
2 70 0.000610 0.014202 0.0
2 71 0.000666 0.014209 0.0
2 72 0.000721 0.014216 0.0
2 73 0.000776 0.014224 0.0
2 74 0.000831 0.014232 0.0
2 75 0.000886 0.014241 0.0
2 76 0.000941 0.014250 0.0
2 77 0.000995 0.014260 0.0
2 78 0.001050 0.014271 0.0
2 79 0.001105 0.014282 0.0
2 80 0.001159 0.014293 0.0
2 81 0.001213 0.014306 0.0
2 82 0.001267 0.014318 0.0
2 83 0.001321 0.014332 0.0
2 84 0.001375 0.014345 0.0
2 85 0.001429 0.014360 0.0
2 86 0.001482 0.014375 0.0
2 87 0.001536 0.014390 0.0
2 88 0.001589 0.014406 0.0
2 89 0.001642 0.014423 0.0
2 90 0.001695 0.014440 0.0
2 91 0.001748 0.014458 0.0
2 92 0.001800 0.014476 0.0
2 93 0.001853 0.014495 0.0
2 94 0.001905 0.014514 0.0
2 95 0.001957 0.014534 0.0
2 96 0.002009 0.014554 0.0
2 97 0.002060 0.014575 0.0
2 98 0.002111 0.014597 0.0
2 99 0.002838 0.014904 0.0
2 100 0.003561 0.015210 0.0
2 101 0.004281 0.015514 0.0
2 102 0.004998 0.015816 0.0
2 103 0.005713 0.016117 0.0
2 104 0.006424 0.016416 0.0
2 105 0.007132 0.016713 0.0
2 106 0.007838 0.017009 0.0
2 107 0.008540 0.017303 0.0
2 108 0.009240 0.017595 0.0
2 109 0.009937 0.017886 0.0
2 110 0.010630 0.018175 0.0
2 111 0.011321 0.018462 0.0
2 112 0.012009 0.018747 0.0
2 113 0.012694 0.019031 0.0
2 114 0.013375 0.019313 0.0
2 115 0.014054 0.019594 0.0
2 116 0.014730 0.019873 0.0
2 117 0.015403 0.020150 0.0
2 118 0.016073 0.020425 0.0
2 119 0.016740 0.020699 0.0
2 120 0.017405 0.020971 0.0
2 121 0.018066 0.021241 0.0
2 122 0.018724 0.021510 0.0
2 123 0.019379 0.021777 0.0
2 124 0.020032 0.022042 0.0
2 125 0.020681 0.022305 0.0
2 126 0.021328 0.022567 0.0
2 127 0.021971 0.022827 0.0
2 128 0.022612 0.023086 0.0
2 129 0.023249 0.023343 0.0
2 130 0.023884 0.023598 0.0
2 131 0.024516 0.023851 0.0
2 132 0.025144 0.024103 0.0
2 133 0.025770 0.024353 0.0
2 134 0.026393 0.024601 0.0
2 135 0.027013 0.024848 0.0
2 136 0.027630 0.025093 0.0
2 137 0.028244 0.025336 0.0
2 138 0.028855 0.025578 0.0
2 139 0.029463 0.025818 0.0
2 140 0.030068 0.026056 0.0
2 141 0.030670 0.026293 0.0
2 142 0.031269 0.026527 0.0
2 143 0.031866 0.026761 0.0
2 144 0.032459 0.026992 0.0
2 145 0.033049 0.027222 0.0
2 146 0.033637 0.027450 0.0
2 147 0.034221 0.027676 0.0
2 148 0.034803 0.027901 0.0
2 149 0.035381 0.028124 0.0
2 150 0.035957 0.028345 0.0
2 151 0.036529 0.028565 0.0
2 152 0.037099 0.028783 0.0
2 153 0.037666 0.028999 0.0
2 154 0.038230 0.029214 0.0
2 155 0.038791 0.029427 0.0
2 156 0.039348 0.029638 0.0
2 157 0.039903 0.029848 0.0
2 158 0.040455 0.030055 0.0
2 159 0.041004 0.030262 0.0
2 160 0.041551 0.030466 0.0
2 161 0.042094 0.030669 0.0
2 162 0.042634 0.030870 0.0
2 163 0.043171 0.031069 0.0
2 164 0.043705 0.031267 0.0
2 165 0.044237 0.031463 0.0
2 166 0.044765 0.031657 0.0
2 167 0.045291 0.031850 0.0
2 168 0.045813 0.032041 0.0
2 169 0.046333 0.032230 0.0
2 170 0.046849 0.032418 0.0
2 171 0.047363 0.032604 0.0
2 172 0.047873 0.032788 0.0
2 173 0.048381 0.032970 0.0
2 174 0.048886 0.033151 0.0
2 175 0.049388 0.033330 0.0
2 176 0.049887 0.033508 0.0
2 177 0.050383 0.033684 0.0
2 178 0.050875 0.033858 0.0
2 179 0.051366 0.034030 0.0
2 180 0.051853 0.034201 0.0
2 181 0.052337 0.034370 0.0
2 182 0.052818 0.034537 0.0
2 183 0.053296 0.034703 0.0
2 184 0.053771 0.034867 0.0
2 185 0.054244 0.035029 0.0
2 186 0.054713 0.035189 0.0
2 187 0.055179 0.035348 0.0
2 188 0.055643 0.035506 0.0
2 189 0.056103 0.035661 0.0
2 190 0.056561 0.035815 0.0
2 191 0.057015 0.035967 0.0
2 192 0.057467 0.036117 0.0
2 193 0.057916 0.036266 0.0
2 194 0.058362 0.036413 0.0
2 195 0.058804 0.036559 0.0
2 196 0.059244 0.036702 0.0
2 197 0.059681 0.036844 0.0
2 198 0.060115 0.036985 0.0
2 199 0.060546 0.037123 0.0
2 200 0.060974 0.037260 0.0
2 201 0.061399 0.037395 0.0
2 202 0.061821 0.037529 0.0
2 203 0.062240 0.037661 0.0
2 204 0.062657 0.037791 0.0
2 205 0.063070 0.037919 0.0
2 206 0.063480 0.038046 0.0
2 207 0.063888 0.038171 0.0
2 208 0.064292 0.038295 0.0
2 209 0.064694 0.038416 0.0
2 210 0.065092 0.038536 0.0
2 211 0.065488 0.038655 0.0
2 212 0.065880 0.038771 0.0
2 213 0.066270 0.038886 0.0
2 214 0.066657 0.039000 0.0
2 215 0.067040 0.039111 0.0
2 216 0.067421 0.039221 0.0
2 217 0.067799 0.039329 0.0
3 1 0.067799 0.039329 0.0
3 2 0.067799 0.037363 0.0
3 3 0.067799 0.035397 0.0
3 4 0.067799 0.033430 0.0
3 5 0.067799 0.031464 0.0
3 6 0.067799 0.029497 0.0
3 7 0.067799 0.027531 0.0
3 8 0.067799 0.025564 0.0
3 9 0.067799 0.023598 0.0
3 10 0.067799 0.021631 0.0
3 11 0.067799 0.019665 0.0
3 12 0.067799 0.017698 0.0
3 13 0.067799 0.015732 0.0
3 14 0.067799 0.013765 0.0
3 15 0.067799 0.011799 0.0
3 16 0.067799 0.009832 0.0
3 17 0.067799 0.007866 0.0
3 18 0.067799 0.005899 0.0
3 19 0.067799 0.003933 0.0
3 20 0.067799 0.001966 0.0
3 21 0.067799 0.000000 0.0
4 1 0.067799 0.000000 0.0
4 2 0.065805 0.000000 0.0
4 3 0.063810 0.000000 0.0
4 4 0.061816 0.000000 0.0
4 5 0.059822 0.000000 0.0
4 6 0.057827 0.000000 0.0
4 7 0.055833 0.000000 0.0
4 8 0.053839 0.000000 0.0
4 9 0.051844 0.000000 0.0
4 10 0.049850 0.000000 0.0
4 11 0.047856 0.000000 0.0
4 12 0.045861 0.000000 0.0
4 13 0.043867 0.000000 0.0
4 14 0.041873 0.000000 0.0
4 15 0.039879 0.000000 0.0
4 16 0.037884 0.000000 0.0
4 17 0.035890 0.000000 0.0
4 18 0.033896 0.000000 0.0
4 19 0.031901 0.000000 0.0
4 20 0.029907 0.000000 0.0
4 21 0.027913 0.000000 0.0
4 22 0.025918 0.000000 0.0
4 23 0.023924 0.000000 0.0
4 24 0.021930 0.000000 0.0
4 25 0.019935 0.000000 0.0
4 26 0.017941 0.000000 0.0
4 27 0.015947 0.000000 0.0
4 28 0.013952 0.000000 0.0
4 29 0.011958 0.000000 0.0
4 30 0.009964 0.000000 0.0
4 31 0.007969 0.000000 0.0
4 32 0.005975 0.000000 0.0
4 33 0.003981 0.000000 0.0
4 34 0.001986 0.000000 0.0
4 35 -0.000008 0.000000 0.0
4 36 -0.002002 0.000000 0.0
4 37 -0.003997 0.000000 0.0
4 38 -0.005991 0.000000 0.0
4 39 -0.007985 0.000000 0.0
4 40 -0.009979 0.000000 0.0
4 41 -0.011974 0.000000 0.0
4 42 -0.013968 0.000000 0.0
4 43 -0.015962 0.000000 0.0
4 44 -0.017957 0.000000 0.0
4 45 -0.019951 0.000000 0.0
4 46 -0.021945 0.000000 0.0
4 47 -0.023940 0.000000 0.0
4 48 -0.025934 0.000000 0.0
4 49 -0.027928 0.000000 0.0
4 50 -0.029923 0.000000 0.0
4 51 -0.031917 0.000000 0.0
4 52 -0.033911 0.000000 0.0
4 53 -0.035906 0.000000 0.0
4 54 -0.037900 0.000000 0.0
4 55 -0.039894 0.000000 0.0
4 56 -0.041889 0.000000 0.0
4 57 -0.043883 0.000000 0.0
4 58 -0.045877 0.000000 0.0
4 59 -0.047872 0.000000 0.0
4 60 -0.049866 0.000000 0.0
4 61 -0.051860 0.000000 0.0
4 62 -0.053854 0.000000 0.0
4 63 -0.055849 0.000000 0.0
4 64 -0.057843 0.000000 0.0
4 65 -0.059837 0.000000 0.0
4 66 -0.061832 0.000000 0.0
4 67 -0.063826 0.000000 0.0
4 68 -0.065820 0.000000 0.0
4 69 -0.067815 0.000000 0.0
4 70 -0.069809 0.000000 0.0
4 71 -0.071803 0.000000 0.0
4 72 -0.073798 0.000000 0.0
4 73 -0.075792 0.000000 0.0
4 74 -0.077786 0.000000 0.0
4 75 -0.079781 0.000000 0.0
4 76 -0.081775 0.000000 0.0
4 77 -0.083769 0.000000 0.0
5 1 -0.083769 0.000000 0.0
5 2 -0.083769 0.001908 0.0
5 3 -0.083769 0.003816 0.0
5 4 -0.083769 0.005725 0.0
5 5 -0.083769 0.007633 0.0
5 6 -0.083769 0.009541 0.0
5 7 -0.083769 0.011449 0.0
5 8 -0.083769 0.013358 0.0
5 9 -0.083769 0.015266 0.0
5 10 -0.083769 0.017174 0.0
5 11 -0.083769 0.019082 0.0
5 12 -0.083769 0.020990 0.0
5 13 -0.083769 0.022899 0.0
5 14 -0.083769 0.024807 0.0
5 15 -0.083769 0.026715 0.0
5 16 -0.083769 0.028623 0.0
5 17 -0.083769 0.030532 0.0
5 18 -0.083769 0.032440 0.0
5 19 -0.083769 0.034348 0.0
5 20 -0.083769 0.036256 0.0
5 21 -0.083769 0.038164 0.0
5 22 -0.083769 0.040073 0.0
